   1.0000000e+00   2.7052804e-01   4.9963946e-01  -7.9699292e-01   2.7659771e-01   7.9451872e-01  -4.9422739e-01  -2.8763020e-01   1.2303479e-01   6.7853506e-01   2.2909597e-01
   2.0000000e+00  -1.8849940e+00  -5.7568585e-01   4.4709399e-02   4.6185406e-01  -1.3433070e+00   3.5693171e-01   1.0416433e+00   1.4196805e-01   1.2236685e+00  -9.0198548e-01
   2.0000000e+00   2.2761784e-01   1.6748678e+00  -4.8914751e-01  -9.2627557e-01  -1.8136924e-01  -1.1403061e+00  -1.3311220e+00  -2.7356573e+00   4.5053640e-01  -2.2350002e+00
   2.0000000e+00  -6.9596007e-01  -1.0381642e+00  -1.3237247e+00  -1.5375351e-01  -1.4881875e+00  -2.8016474e-02  -5.3433731e-01  -8.1314843e-01   8.8895790e-01  -1.4510407e+00
   1.0000000e+00   1.0103288e+00   2.2942066e+00   5.2918345e-01  -6.5365754e-01   1.9334203e+00   1.2872653e+00   7.0624140e-01  -4.5045790e-01  -5.6751192e-01   4.4976072e-01
   2.0000000e+00   9.2410632e-01   1.0498747e+00   1.1818613e+00   9.6673703e-02  -3.0318866e-01   6.5528095e-01   1.4771969e-01   5.4727008e-01  -2.4137959e-01  -1.0326180e+00
   2.0000000e+00  -3.5009365e-01   3.3397708e-01   6.2892322e-01  -1.0915215e+00   2.0519897e-02  -1.0931686e+00  -7.7398868e-01   7.5057532e-01   8.8030723e-01  -1.6924256e+00
   2.0000000e+00   7.4878638e-01   1.2984186e+00   6.3052075e-01   4.7737559e-01   6.0811894e-01   6.6689609e-01  -9.0763708e-01  -5.0881051e-01   2.9761554e-02   1.0437135e+00
   1.0000000e+00  -5.5135033e-01   1.9450451e+00  -4.3434018e-01  -7.3123697e-01  -3.7411174e-01  -3.3184530e-01   7.4526434e-01   9.9171963e-01  -1.9589194e+00   1.2618736e-01
   2.0000000e+00   1.4064726e+00   8.5583793e-01   3.8989019e-01   3.9152679e-01   3.7271637e-01  -6.4876399e-01  -2.1703652e-01  -1.3488741e-01  -1.5749029e-02  -2.2207122e-01
   2.0000000e+00  -3.6352600e+00   1.7704649e+00  -8.6145697e-01  -7.0072470e-01   5.1725243e-02  -4.9100497e-01  -1.1148086e+00   1.1832883e+00  -6.0602675e-01  -3.9683544e-01
   2.0000000e+00  -3.2493492e-02  -1.7923852e+00   1.5179680e+00   2.3155700e-01   7.7502148e-01   1.5906099e+00   9.5413565e-01  -2.3855058e+00   8.5798434e-01   1.2244517e+00
   2.0000000e+00  -4.3372623e-01   5.0322393e-01   7.7648147e-01  -9.7846264e-01  -9.7930134e-01   2.9985669e+00  -7.9327833e-01  -1.2186614e+00   7.5868652e-01   6.2648569e-01
   2.0000000e+00   1.0467995e+00  -4.4180167e-01  -8.4025703e-01  -6.1641719e-01   2.3556263e-01  -3.7688336e-02  -2.8592836e-01   2.6271007e-02   6.8653915e-01   2.1038956e+00
   2.0000000e+00  -1.4745711e+00   9.9671696e-02  -1.2129100e+00  -9.4908090e-01   9.0188916e-01  -3.8571802e-01  -1.1913436e+00  -9.3512494e-01   1.3321840e+00   9.3110294e-01
   2.0000000e+00  -1.1616650e+00  -1.0524105e+00  -1.0173215e+00   1.9011618e+00   1.3821310e-01  -1.6868014e-01  -5.6843993e-01   1.0936298e-02  -8.4534293e-02   1.1834762e+00
   2.0000000e+00  -1.0754262e+00   1.3350725e-01  -7.0772990e-01  -3.4399463e-01   1.6005072e-01  -1.5021326e+00   9.6020613e-01  -5.7775069e-01   1.9339039e+00  -1.9338282e+00
   1.0000000e+00  -6.5920399e-01   1.8330286e+00   3.8839336e-02   3.2566688e-01  -8.3096959e-01  -5.1774115e-01   2.4576530e-01  -8.5649430e-02  -1.9817022e-01   3.0494112e-01
   1.0000000e+00   5.3051710e-01   2.1399159e-01  -2.7264782e-01   1.1206142e+00   4.0823833e-02   1.1840970e+00   2.3637894e-01   1.3207315e+00  -2.2571498e-01   3.0715532e-01
   2.0000000e+00   6.9870738e-01   1.5813257e+00  -1.0347875e+00  -1.3107932e+00   1.4904884e+00   3.9028395e-01  -7.6062612e-01  -8.6811250e-01  -2.5511570e-01  -3.7415812e-01
   2.0000000e+00   1.1361956e+00   1.7037129e-01   2.7877881e-01   1.4178826e-01  -6.3365033e-01   1.7394754e+00  -9.0613956e-01  -1.1472695e+00  -1.1671978e+00   1.4767188e+00
   2.0000000e+00   9.0577116e-01   5.2898138e-01   1.7435187e+00   8.2877627e-01   4.2568903e-01   1.9270755e+00   9.1517029e-01   1.2755971e+00  -5.3698868e-01  -4.5258114e-01
   2.0000000e+00  -6.6089578e-01   1.4809128e+00   2.6791697e-02   2.7376624e-01  -2.2345577e-01   1.2168564e+00  -1.9650478e+00   7.6264615e-01  -1.2403759e+00   9.1083313e-01
   2.0000000e+00  -2.4771902e+00  -1.1897342e+00   2.6635528e-01   2.3462564e-01  -1.7898225e-01  -3.8385169e-01   6.8409696e-01  -4.8761085e-01  -3.1674602e-01  -8.4991538e-01
   1.0000000e+00  -5.8382128e-01  -9.7392159e-01   5.0698707e-02   1.6794869e+00   4.6542912e-01  -7.4826093e-01   2.0242045e+00   2.0886203e+00   1.2919684e+00   3.0210599e-01
   2.0000000e+00   1.3126328e-01   7.9096713e-01   6.0160937e-01   1.0640322e-01  -5.8543463e-01   5.6244917e-01   9.2846006e-01   8.7351615e-02   1.7118968e+00  -3.9935640e-01
   1.0000000e+00   1.8151326e+00  -9.1690582e-01  -5.4810377e-01   5.6104367e-01   3.5809594e-01   5.8330254e-02   6.5012900e-02   1.1651405e-01   4.9718447e-01   4.7261890e-01
   2.0000000e+00   4.1590853e-01   1.4186435e-01  -4.7115580e-01  -8.8506464e-01  -4.6008767e-01   1.1114239e-02   1.7266233e-01  -5.9941414e-01  -4.4297601e-01  -1.5779085e-01
   2.0000000e+00  -1.0839054e-01  -1.2250899e+00   2.0047863e-01   2.5558916e-01  -7.2453410e-01   7.6866334e-01   6.4174093e-01   2.9052444e-01  -9.6318785e-01  -1.1002682e+00
   2.0000000e+00   9.1627096e-01  -9.8804892e-01   2.0876642e-01  -1.8202564e+00  -1.1998835e+00   2.5094938e-01  -9.2592225e-02   3.5608940e-01   1.1547638e+00   1.8609941e+00
   2.0000000e+00  -2.3818299e-01   1.5964869e+00  -1.4645653e+00  -1.3459077e+00  -1.9642496e+00  -9.9502783e-01  -1.3229501e-01  -9.2942663e-01  -3.6027573e-02  -5.4519940e-02
   2.0000000e+00  -6.6697149e-01   3.2212331e-01   2.3771446e-01  -3.2128486e-01   9.3192465e-02  -1.1167724e+00   2.0227637e-01   4.1268088e-01  -7.9737601e-01   1.6094634e+00
   2.0000000e+00   1.3269112e+00  -1.1214016e+00   1.8706449e+00  -4.4761002e-01   1.4259820e+00  -1.2625023e-01  -1.5149556e+00   3.7618230e-01   8.8078200e-01  -4.1565907e-01
   2.0000000e+00   8.1306285e-01   3.0171067e-01   7.7317927e-01  -9.6565526e-01   1.3698950e+00   1.0327568e+00  -1.8018407e+00   2.4970917e-01   2.7239090e+00  -3.8259433e-02
   1.0000000e+00  -5.2618632e-01   1.8461748e-02   1.3594169e-01   6.2051981e-02   2.3986700e+00  -1.5187912e+00  -6.2779491e-01  -4.5331972e-01  -4.0868559e-02   3.2120632e-01
   2.0000000e+00  -3.1889467e+00   3.4950168e-01   9.1684805e-01   4.7752240e-01   4.2151650e-01  -9.5582915e-01  -1.4043021e+00   7.5087809e-02  -7.7656608e-01  -1.2960623e+00
   2.0000000e+00   6.9622561e-01   8.1008613e-01   1.4216164e+00  -3.7858408e-02  -6.0709796e-03  -1.4469172e-01  -1.2158218e+00   1.4237612e+00   9.0548396e-01   1.3027166e+00
   2.0000000e+00  -3.9640045e-01   5.8574232e-01  -1.1227163e+00  -1.2576197e+00  -1.5566363e+00   3.3073993e-01   9.6990380e-02  -7.6183159e-01  -5.6712394e-01  -3.8595787e-01
   2.0000000e+00  -1.3812093e-01  -8.4006654e-01  -1.7659874e+00   3.6165761e-01  -4.9962005e-01   1.8534252e-01   5.1670791e-01   1.2843148e+00  -5.7989216e-01   9.9934618e-01
   2.0000000e+00  -1.1237124e-01  -8.8876071e-01   8.9972424e-01   1.3318543e+00   9.1191994e-01   3.0321223e-01  -1.3220878e-01  -1.4369914e+00  -8.1323624e-01   9.4710398e-01
   1.0000000e+00  -1.6913383e-01  -1.4052212e+00  -3.9883500e-01  -9.6302024e-01  -4.6916147e-01  -4.8716664e-01   4.4655973e-01  -1.7144567e+00   1.0964379e+00   3.3459853e-01
   2.0000000e+00   4.3247315e-01   6.9573298e-01  -8.8237176e-01   2.6817057e-01  -1.5922170e+00  -1.0188209e+00   7.4526415e-01  -4.0121344e-01  -7.9980988e-01   1.7005176e+00
   2.0000000e+00  -3.2794402e-01  -3.2895021e-01   6.0896761e-01   1.0188653e+00   1.7229160e+00   2.7604288e-01  -5.6849782e-01   1.2899546e+00  -2.1238173e-01  -2.7647753e-01
   1.0000000e+00  -2.2470117e-01   1.7323251e+00   2.3223036e-01  -1.8402930e-01   6.0034720e-01  -9.8755246e-01  -9.5116693e-01  -7.4952714e-01  -6.1891810e-01   1.2012597e-01
   2.0000000e+00   3.7924885e-01  -1.4937722e+00  -1.5692351e+00  -8.6990065e-01  -3.3049914e-01   1.1188174e+00   1.0073362e+00   2.0207762e+00  -1.7832717e+00   4.9983829e-01
   2.0000000e+00   5.3795261e-01   1.0543557e+00  -4.0541585e-01   7.7029863e-01  -7.8420994e-01   2.1858181e-02   1.2087668e+00  -1.4840747e+00  -6.4005011e-01  -1.4999897e+00
   2.0000000e+00  -2.0366325e+00   9.9603724e-01   1.1906419e-01   4.0240050e-01  -1.4877402e+00  -6.5795802e-01   8.5172835e-04  -2.1212958e+00   1.3032194e+00   5.7498300e-01
   2.0000000e+00   1.5924251e-01  -6.4775386e-01  -3.8777224e-02  -4.5000822e-01   1.3068613e+00   6.0164318e-01  -1.7007627e+00  -1.6049277e+00   1.7379923e-01   1.3613022e+00
   2.0000000e+00   3.9463547e-01  -1.1689588e+00  -4.8388730e-02  -7.3785066e-02   3.8658761e-01  -5.6748811e-02   2.8928995e-01   1.7206777e+00  -9.7033885e-01  -3.9039618e-01
   1.0000000e+00   2.8557586e-03  -1.2042910e+00   2.0857108e-01  -9.8033653e-02   2.5395817e-01  -2.1598016e-01  -1.0074522e+00  -5.7744621e-01  -4.9319496e-01   6.3789331e-02
   2.0000000e+00  -1.4332777e+00   6.8342975e-01  -4.9582749e-01   8.0694772e-01   4.3610555e-01   1.1316754e-01  -2.3137989e-01  -1.5997806e-01   2.9348295e-01   2.1223692e+00
   2.0000000e+00  -9.2602363e-01   9.5127822e-01   5.5440358e-01   2.7361161e-01  -1.3519896e+00   2.0515974e+00   4.5187736e-01   2.5526373e-01   3.5251480e-01   8.5299880e-01
   2.0000000e+00  -3.4160361e-01  -1.6146073e+00  -6.7125827e-01  -7.3605085e-01   3.6014480e-01   5.4856605e-01   8.4520860e-02   1.1105173e+00  -6.9725112e-01   8.3261749e-01
   2.0000000e+00  -1.9603801e+00   1.8920502e-01  -4.3662066e-01   5.4989018e-01  -2.2211467e+00   5.2049117e-01   5.5871880e-01  -6.3425934e-01  -1.9296146e+00   4.9557545e-01
   1.0000000e+00  -5.3033842e-01   3.2601811e-01   2.7272728e-01   6.0182402e-02  -9.4303046e-01  -1.4323220e+00   1.1797906e+00   1.3620794e-01  -1.4231613e-01   1.1603875e-01
   2.0000000e+00  -1.2044914e+00  -1.0238225e+00  -5.3094731e-02   7.4352211e-01  -2.1745618e+00  -1.4612549e+00  -8.1666660e-02   8.4256905e-01   2.7305704e+00   2.3563750e+00
   1.0000000e+00  -9.5698822e-02   1.3890027e-01  -5.8670302e-01  -1.4473521e-01   9.3695050e-01  -1.0877026e+00  -1.4478885e+00  -1.0517192e+00   1.5467136e+00   3.2879039e-01
   2.0000000e+00  -2.5121702e-01  -1.3939051e+00   3.8464962e-01   1.7484058e+00  -1.1905106e+00  -1.5718377e+00   1.5407326e+00   1.6940772e+00  -9.0479383e-03   8.8797595e-01
   2.0000000e+00  -5.2134551e-01   1.0316791e+00  -1.2950612e+00   3.8288862e-01   7.2463937e-01  -4.9543590e-01   1.5631018e+00   1.8402062e+00   6.9018359e-02   4.7504764e-02
   2.0000000e+00   8.3648675e-01   4.3562110e-02   6.8677548e-01   1.4083101e+00  -4.3588590e-01  -1.3532348e+00  -3.7726415e-02   7.3200191e-01  -1.0971677e+00   2.1916224e+00
   2.0000000e+00  -2.5679558e-01  -8.5874289e-01  -9.3535956e-02  -3.4254872e-01  -2.9839823e-01   7.4278624e-01  -1.6058232e-01   1.7993053e+00   6.3767082e-01  -9.1980763e-01
   2.0000000e+00  -3.2516292e-01  -7.8889171e-01  -1.1108668e+00   4.7418406e-01   2.5960939e-01   2.2184457e+00  -1.6316189e+00  -3.7292665e-01  -8.9540977e-01  -4.0383572e-01
   2.0000000e+00  -3.1938027e+00  -6.4002101e-01   2.3363456e-01   3.5667783e-01  -9.7084703e-01  -8.0601028e-01  -5.6806184e-02   1.2263085e+00   2.0935329e+00  -1.9639632e+00
   1.0000000e+00   8.6352358e-01   6.7849760e-01   5.5483791e-01  -6.7756693e-01   8.9889596e-01   1.0620554e-01   1.7354904e+00  -2.7827178e-01   4.0726692e-01   2.4416813e-01
   1.0000000e+00  -4.1245959e-01  -5.0318762e-01   2.4387970e-01  -2.1854345e-01   8.7056508e-01  -1.1419637e+00  -6.7738022e-02   6.8961158e-01   1.2957853e+00   8.2987232e-01
   2.0000000e+00  -5.6174638e-01  -9.2495153e-02  -1.2038034e-01  -9.2333427e-01   2.6418464e-01   3.1427173e-01  -1.2683380e+00  -7.2628546e-01   1.2013854e+00   1.8787913e+00
   2.0000000e+00  -9.9093287e-01  -1.2943525e+00  -1.2509647e-01   8.1550103e-01   1.2523945e+00   1.5377188e+00   3.1694492e-01  -7.9911702e-02   4.7681194e-02  -1.7658966e-01
   1.0000000e+00  -4.2594530e-01  -1.3850348e+00  -5.7335578e-01  -3.7322330e-01   2.0410589e+00   1.3825327e-01   6.3546573e-01  -7.4592908e-01  -6.0117969e-01   4.2208984e-01
   1.0000000e+00  -1.8859955e+00  -1.4861055e+00   4.7420632e-01   1.9050531e-01   9.8403406e-02   9.0072308e-01   8.4236779e-01  -6.0966139e-01   1.1976273e+00   1.8235976e-01
   2.0000000e+00   1.6237808e+00  -5.3006403e-01   1.3567686e+00   8.1114510e-01  -1.7225035e-01   7.8951454e-01   1.0212074e+00  -1.5262482e+00  -1.7061915e-01  -1.4688828e+00
   2.0000000e+00   2.0218018e+00  -1.3679598e+00  -7.1405110e-02   5.4477995e-01   1.1404690e+00   1.6991817e+00   1.3232867e+00   4.3241843e-02   3.0345462e+00   2.0029969e+00
   2.0000000e+00   1.3235137e+00   1.7635842e+00   1.7627375e+00   9.2667103e-01  -6.8022103e-01  -5.0899741e-01   1.2462394e+00  -7.5406250e-01  -1.1483587e+00   1.9497518e-01
   2.0000000e+00   4.4198241e-02  -7.5781079e-01  -6.0804348e-01   1.2623594e+00   8.1905782e-01   3.3972470e-01   3.0072119e-01  -1.4746840e+00  -1.4668764e-01  -1.8414670e-01
   2.0000000e+00  -2.0988324e-01  -1.3821362e+00  -1.7218153e-04  -1.4642927e+00   3.6507184e-02   1.3320323e+00   1.4105170e+00   1.2331142e+00  -1.8015999e-01   1.2078697e+00
   1.0000000e+00  -1.7787099e-01  -1.0350886e-01  -8.1387300e-01  -1.6268652e+00  -5.5300021e-01  -5.1459656e-01   1.0134749e-01   3.0825408e-01   1.6228107e+00   3.7400602e-01
   2.0000000e+00  -5.0571085e-01   1.7914275e-01  -1.5926281e+00   1.8145858e-01  -2.2215262e-01  -1.4367963e-01   1.2854449e+00  -1.1015468e+00   1.0050216e+00   1.4161787e-01
   2.0000000e+00  -3.1088368e-01  -2.0929234e-01  -1.1743858e+00   8.8924325e-01  -9.8045843e-01  -1.4967374e+00   3.1052800e+00   3.1385080e-01  -1.0195039e+00   1.0384288e+00
   2.0000000e+00   3.8756197e-01   3.2537897e-01   1.0540872e+00  -1.4394495e+00  -1.7827031e-01   8.6424038e-02  -1.8926040e-02   1.1068527e-01  -4.9123990e-01   2.8753572e+00
   2.0000000e+00   6.3933137e-02  -4.8040366e-01  -5.5140465e-01  -1.5291070e+00  -8.1414660e-01   6.7882957e-01   8.6172030e-01  -9.7576290e-01   9.8347642e-01  -6.7871239e-02
   2.0000000e+00  -2.2078306e+00  -5.3360229e-01   7.6056519e-02   8.9109932e-01   8.5273971e-01   1.0993852e+00   5.5115710e-01   2.0239012e+00  -1.3514187e+00  -7.3408093e-01
   2.0000000e+00   1.2887768e+00  -1.7176467e-01  -1.5491646e+00   5.3914862e-01  -2.3005731e-01  -1.7077300e+00   4.7049170e-01  -4.9240896e-01  -3.3369422e-01  -4.8903896e-01
   1.0000000e+00   1.2217741e-01  -1.1409444e+00   6.5557477e-02   1.6946339e+00   5.6888127e-01   5.0121952e-01   1.4774750e+00   2.7841880e-01  -6.1350911e-01   9.1405027e-02
   2.0000000e+00   2.3206751e+00   1.1625777e+00   1.6689121e+00   3.1669876e-01   3.5483583e-02  -2.2920107e-01  -1.5697414e-01  -3.7999906e-01  -1.2025629e+00   1.7923417e-01
   2.0000000e+00  -1.1457497e+00   4.6065346e-02   1.2438944e+00  -9.5003265e-01   9.4980763e-01   1.3687817e+00   7.4045225e-02  -2.6285161e-01  -1.8256567e-01  -1.2525761e-01
   1.0000000e+00  -5.1551173e-01  -2.4310975e+00  -4.0709075e-01   8.5124746e-01  -1.1784487e-01   1.2023835e+00   1.4001659e+00   1.0564617e+00  -5.2885624e-01   4.6140761e-01
   2.0000000e+00  -1.0166460e+00  -1.0953997e+00   8.9605761e-01  -1.2187872e+00   9.9934284e-01  -1.9566153e+00  -1.0637166e+00  -3.2504233e-01  -5.3088978e-01   2.9929481e-01
   2.0000000e+00   8.1082167e-02   1.2320748e+00   8.8365651e-02  -1.6160751e+00   8.3094078e-02   8.1734709e-01   8.5404968e-01   1.3932029e-01  -4.7754600e-01   1.3789599e+00
   2.0000000e+00   1.7910523e+00   5.5907033e-01   1.1959365e+00  -1.2312810e+00   1.9591174e+00   1.4244799e+00   1.1894711e+00  -3.7423564e-02   6.7249399e-02  -3.7071980e-01
   1.0000000e+00   4.6197062e-01   2.2108587e-02   1.6843174e-01  -3.4025536e-01   1.9943102e-01  -1.0744501e+00  -3.7127630e-01   4.4591576e-02  -4.8037056e-01   1.1894144e-01
   2.0000000e+00  -8.2191198e-01   1.2099834e+00   4.8561051e-01   8.6365406e-01  -1.4436871e+00   5.1299113e-01   6.9052736e-02  -2.7988517e-01   2.9576049e-02  -1.0732287e+00
   2.0000000e+00  -1.0235239e+00   1.0573079e+00  -6.1767367e-01   4.1180878e-01   1.1334822e+00   5.3881984e-01   3.0859143e-01  -6.6338712e-01  -6.2782218e-01  -7.6199760e-01
   1.0000000e+00   3.0289767e-01   1.5418287e-01  -5.3272262e-01  -9.1328364e-01  -1.7149020e+00   1.0351562e+00   1.8094039e+00   7.4331204e-01   4.7100097e-01   3.2593448e-01
   2.0000000e+00  -1.2603727e-01  -5.0753908e-01  -7.7974295e-03  -9.4559424e-01  -3.4569671e-01  -1.2345904e+00   1.7408357e-01   1.1529922e+00   3.6946216e-01  -9.8227159e-01
   2.0000000e+00  -1.6476187e+00   3.5241755e-01  -5.9573005e-01   9.7630412e-01   1.2874315e+00  -1.2467059e+00  -1.4195326e+00  -3.8762382e-02  -1.9411154e+00  -5.3526423e-01
   2.0000000e+00  -4.6994862e-01  -8.1002464e-03   8.4033541e-01  -1.2920108e+00  -6.4416971e-01   1.7560240e+00  -7.6678047e-01  -2.0749043e-01   6.2069120e-01  -5.0930910e-01
   2.0000000e+00   1.3290513e-01  -1.6786057e+00   7.9320388e-02  -2.0909234e-01   4.5278238e-01   1.1035921e+00   2.7390741e-02  -9.6432240e-01   8.8753880e-01  -1.4517828e+00
   2.0000000e+00   6.9835964e-01   4.6998317e-01   1.2667200e+00   1.5767321e-01   1.4842834e-01  -1.4640625e+00  -1.4634717e-01   1.0559950e-01  -1.6847254e+00   2.6083607e-01
   2.0000000e+00   2.8587072e-01   1.1859096e+00   1.8758947e+00   6.5424300e-01  -8.1872386e-01   7.7937196e-02   2.0374931e+00   1.2018995e-01  -7.7697561e-02   8.8167048e-01
   2.0000000e+00  -1.0989571e+00   8.4435848e-02  -1.0619643e+00   1.9360182e-01  -1.8183777e+00   8.7941268e-01   1.4040793e+00   7.1673035e-01  -5.7166798e-01  -1.1847517e+00
   2.0000000e+00  -5.8451577e-01  -5.3123954e-01   1.4458751e+00   1.4291583e+00  -5.6948810e-01   1.3552194e-01  -7.2966017e-01  -1.6280603e+00  -5.4288020e-01   2.4335404e-01
